1e+10
3906939937.05462
1526417967.17524
596362331.659464
232995181.051537
91029817.7991523
35564803.0622313
13894954.9437314
5428675.43932386
2120950.88792019
828642.772854684
323745.754281764
126485.52168553
49417.1336132384
19306.9772888325
7543.12006335461
2947.05170255181
1151.39539932645
449.843266896944
175.751062485479
68.66488450043
26.8269579527973
10.4811313415468
4.09491506238042
1.59985871960606
0.625055192527398
0.244205309454865
0.0954095476349992
0.0372759372031494
0.0145634847750124
0.00568986602901828
0.00222299648252619
0.000868511373751352
0.000339322177189533
0.000132571136559011
5.1794746792312e-05
2.02358964772516e-05
7.9060432109077e-06
3.08884359647747e-06
1.20679264063933e-06
4.71486636345739e-07
1.84206996932672e-07
7.19685673001153e-08
2.81176869797424e-08
1.09854114198755e-08
4.29193426012876e-09
1.676832936811e-09
6.5512855685955e-10
2.55954792269953e-10
1e-10
