3.248691 4.050596 1
-1.223513 1.767126 1
-1.056344 -0.998814 1
-2.145937 1.777300 1
1.730815 2.268870 1
-4.603077 5.053181 1
3.489624 5.936442 1
-1.522414 6.258857 1
0.638078 3.999556 1
-0.498741 6.097994 1
2.924216 0.359607 1
-4.120281 7.385039 1
-0.644834 4.795254 1
-0.768109 1.956675 1
2.267539 4.709814 1
-2.199783 2.735499 1
-0.344856 6.960703 1
-1.755717 8.319359 1
0.084427 10.649514 1
1.165630 -1.887737 1
-2.201238 -2.054398 1
2.289447 1.234369 1
1.803181 3.560130 1
1.004989 6.066591 1
1.801712 4.104722 1
-1.367456 -4.077704 1
-0.245780 1.928286 1
-1.871539 5.897911 1
-0.535776 3.805332 1
1.060711 5.667039 1
-1.383322 2.221852 1
-0.793507 2.297347 1
-1.374345 3.652965 1
-1.690411 4.435181 1
-1.342492 3.694049 1
-0.025329 3.416530 1
-2.234621 0.652682 1
0.468831 4.321473 1
3.319604 3.426374 1
1.484088 6.953194 1
-0.383671 7.196213 1
-1.775258 3.648047 1
-1.494317 1.686503 1
3.384909 0.764444 1
0.101616 4.482230 1
-1.273991 3.270690 1
0.381831 1.796512 1
4.200510 3.152589 1
0.240318 0.829997 1
1.234406 5.443112 1
-0.894257 9.069650 0
2.449015 2.695487 0
0.806983 13.116474 0
1.187157 16.560939 0
-2.189824 11.324093 0
0.338765 9.699534 0
1.481113 9.590666 0
-1.907401 9.642837 0
-0.532437 10.052228 0
0.065229 6.633944 0
-2.746235 8.448717 0
0.630319 7.008920 0
1.692321 10.746397 0
-1.719032 9.110077 0
0.701092 11.485634 0
-2.624567 9.475891 0
-0.077391 12.959006 0
-3.231545 10.640602 0
2.242835 16.572099 0
0.817801 4.310917 0
-0.049234 8.059250 0
-1.550323 12.704461 0
2.547512 17.584977 0
3.934203 9.254096 0
-3.715964 10.131007 0
2.472328 9.321057 0
3.255302 13.994371 0
0.676023 9.138076 0
-2.398536 12.040210 0
1.726691 9.040595 0
-0.361841 6.182324 0
-1.207841 10.940643 0
-2.460116 11.509554 0
1.101075 13.879678 0
1.585614 9.668659 0
-1.247061 8.147914 0
1.041153 11.688283 0
-2.288683 10.722211 0
1.603722 10.841995 0
0.093135 9.780662 0
-0.373140 13.481016 0
-0.203492 11.108478 0
1.737772 15.713976 0
1.500823 13.333170 0
1.058931 11.977149 0
0.275402 5.117685 0
0.155642 11.806958 0
1.236761 11.260847 0
0.464989 12.432855 0
1.365103 13.133326 0
